6247,Bronze [1,4,5,6,7,8,9,11,12,13]
5825,Regular [0,1,5,6,11,14]
4797,Regular [6,12]
5538,Gold [2,8,9]
5122,Bronze [1,2,3,5,8,10,11,12,13]
6068,Bronze [6,7,9,10,13,14]
4739,Regular [0]
7227,Bronze [0,2,4,5,6,9,11,12]
5358,Gold [4,5,6,9,11,12]
5567,Bronze [2,3,5,6,7,8,9,14]
5402,Regular [8,10,11,14]
5295,Bronze [1,2,3,6,8,10,12]
4539,Bronze [2,6,7,8,9,10,11,13]
5080,Bronze [9]
7365,Gold [0,1]
4038,Regular [7,12]
6433,Regular [3,4,7,8,9,10,11,12,14]
5518,Regular [6,7,10,14]
4855,Gold [3,4,12]
5461,Gold [0,2,7,13]
4668,Bronze [1,2,5,7,8,11,12,13]
5499,Bronze [5,9,13]
5777,Regular [0,2,4,6,8,9,13,14]
8005,Gold [0,5,6,8,9,10,11,12]
5810,Gold [3,5,12,14]
4233,Regular [2,5,7,11,13]
6979,Gold [0,1,2,4,5,7,8,10,11]
5368,Bronze [2,3,4,5,7,8,10,11,12,13]
7611,Gold [0,2,3,5,6,8,10,12,13]
5652,Bronze [1,9,10,11,12,13]
7440,Gold [0,2,3,4,5,6,7,8,9,12,13,14]
4198,Gold [2]
5539,Gold [2,3,4,7,10,11,14]
6164,Bronze [1,2,3,4,5,6,9,12,13,14]
6869,Bronze [0,1,2,3,6,8,10,11,12,13]
5387,Gold [13,14]
6145,Bronze [1,2,5,6,7,10,11,12,14]
4150,Bronze [1,4,9]
4938,Regular [4,10,14]
5793,Regular [14]
5299,Bronze [2,8,11]
4164,Gold [2,9,11,14]
5981,Regular [2,3,4,5,7,8,11,13,14]
5868,Regular [1,3,7,9,13]
5512,Gold [0,7]
6459,Regular [1,2,3,4,5,7,8,9,12,13,14]
5102,Gold [12,13,14]
7725,Gold [0,2,5,6,10]
5477,Regular [0,2,3,4,7,9]
5380,Regular [1,2,3,8,10,11,12,13]
4693,Bronze [9,12]
5554,Regular [3,5,8,10,11,13]
4717,Gold [1,3,6,8,11,14]
4630,Gold [1,4,13,14]
7739,Gold [0,1,3,6,7,10,11,12,14]
4421,Bronze [3,4,9,14]
5390,Regular [0,4]
6620,Bronze [0,3,5,7,8,12,13]
4471,Bronze [3,4,6,8,9,10,12]
7069,Regular [0,1,2,5,8,9,10,11,12,14]
4368,Gold [9]
6418,Bronze [2,4,5,6,8,10,11,12,14]
5665,Bronze [4,5,8,10,11,12,13]
4167,Regular [7,12,14]
5608,Gold [5,6,9,11,13]
4006,Bronze [1,4,14]
6136,Bronze [2,3,4,5,10,11,12,13]
5370,Regular [1,7,9,11,13,14]
4220,Bronze [1,8,11]
4864,Regular [1,7,10,13]
5423,Regular [3,4,8,10,11]
5481,Gold [1,3,6,7,12,14]
4867,Regular [4,5]
7152,Bronze [0,3,6,8,9,12,13,14]
4237,Regular [3,6]
5523,Regular [1,2,3,6,9,12,13,14]
5252,Bronze [1,2,6]
4428,Gold [1,4,5,6,11,13,14]
8506,Bronze [0,1,2,3,5,6,7,8,11,14]
6117,Regular [1,4,6,7,8,9,12,13]
6315,Gold [0,2,3,5,9,10,11,12,14]
8011,Gold [0,3,5,9,10,13,14]
6071,Bronze [1,2,4,6,7,8,9,12,13]
4783,Gold [12]
5492,Bronze [3,8,9,10,11,14]
7427,Gold [0,5,9,10,11,12,14]
6018,Regular [0,3,10,12]
3762,Bronze [2,4,14]
5958,Regular [0,2,5,8,9,14]
5381,Gold [5,13]
7151,Bronze [0,3,4,5,7,8,10,11,12]
8105,Regular [0,3,4,7,13]
5784,Gold [1,5,6,7,9,10,13,14]
5599,Regular [3,9,14]
4328,Regular [10]
6651,Bronze [0,3,4,6,7,8,9,10,11,12]
7852,Bronze [0,4,8,14]
7252,Gold [0,1,4,6,8,12,13]
8236,Regular [0,1,2,3,4,7,8,13,14]
4809,Regular [1,2,3,4,5,7,9,10,12,14]
6352,Regular [6,7,8,9,10,12,13,14]
8504,Bronze [0,2,4,5,7,9,11,13]
5877,Bronze [1,4,8,9,10]
8494,Bronze [0,1,2,3,5,6,8,10,11,12,13]
4519,Bronze [1,3,9,13]
4651,Regular [1,3,5,6,7,9,10,11,13]
5667,Regular [0,1,4,5,11]
5032,Regular [1,3,5,9,12,13,14]
